{
 "cells": [
  {
   "cell_type": "markdown",
   "source": [
    "We can expand $\\hat{H}_{dse}$ in terms of the dipole operator (with electronic and nuclear contributions) and dipole expectation values as follows:\n",
    "\\begin{align}\n",
    "    \\hat{H}_{dse} &= \\frac{1}{2} \\sum_{\\xi, \\xi'} \\sum_{i \\neq j} \\lambda^{\\xi} \\lambda^{\\xi'} \\mu^{\\xi}(x_i) \\mu^{\\xi'}(x_j) \\\\\n",
    "    &+  \\frac{1}{2} \\sum_{\\xi, \\xi'} \\sum_i \\frac{1}{2} \\lambda^{\\xi} \\lambda^{\\xi'} Q^{\\xi \\xi'}(x_i) \\\\ \n",
    "   & + \\left(\\lambda \\cdot \\mu_{nuc} - \\lambda \\cdot \\langle \\mu \\rangle \\right) \\sum_{\\xi} \\sum_i \\lambda^{\\xi} \\mu^{\\xi} (x_i)  \\\\\n",
    "  &+ \\frac{1}{2} \\left( \\lambda \\cdot \\mu_{nuc} \\right)^2  - \\left( \\lambda \\cdot \\langle \\mu \\rangle \\right) \\left( \\lambda \\cdot \\mu_{nuc} \\right) + \\frac{1}{2} \\left( \\lambda \\cdot \\langle \\mu \\rangle \\right)^2\n",
    "\\end{align} \n",
    "\n",
    "In the above expansion of $\\hat{H}_{dse}$ we have specifically indicated that the product of electronic dipole operators contains 2-electron contributions when $i \\neq j$,\n",
    "and 1-electron quadrupole contributions when $i = j$.  Furthermore, a\n",
    "one-electron term arises that contains the electronic dipole operator\n",
    "scaled by $\\lambda \\cdot \\mu_{nuc}$.  In the QED-RHF procedure, the additional one-electron terms above will be added to $H_{core}$ and the additional two-electron terms above will be included in the density-matrix dependent terms in the Fock operator:\n",
    "\\begin{equation}\n",
    "    F_{\\mu \\nu} + H_{\\mu \\nu} + G_{\\mu \\nu}\n",
    "\\end{equation}\n",
    "where\n",
    "\\begin{align}\n",
    "    H_{\\mu \\nu} &= h_{\\mu \\nu} + \\frac{1}{2}\\sum_{\\xi, \\xi'} \\lambda^{\\xi} \\lambda^{\\xi'} Q^{\\xi \\xi'}_{\\mu \\nu} \\\\\n",
    "    &+ \\left(\\lambda \\cdot \\mu_{nuc} - \\lambda \\cdot \\langle \\mu \\rangle \\right) \\sum_{xi} \\lambda^{\\xi} \\mu^{\\xi}_{\\mu \\nu}\n",
    "\\end{align}\n",
    "and\n",
    "\\begin{align}\n",
    "  G_{\\mu \\nu} &=   \n",
    "  \\left( 2(\\mu\\,\\nu\\left|\\,\\lambda\\,\\sigma) - (\\mu\\,\\lambda\\,\\right|\\nu\\,\\sigma) \\right) D_{\\lambda\\sigma} \\\\\n",
    "  & + \\left( \\sum_{\\xi \\xi'} \\lambda^{\\xi} \\lambda^{\\xi'} \\left(\\mu^{\\xi}_{\\mu \\nu} \\mu^{\\xi'}_{\\lambda \\sigma} - \\frac{1}{2} \\mu^{\\xi}_{\\mu \\lambda} \\mu^{\\xi'}_{\\nu \\sigma} \\right)\n",
    "  \\right)D_{\\lambda\\sigma},\n",
    "\\end{align}\n",
    "leading to the total QED-RHF energy being\n",
    "\\begin{equation}\n",
    "    E_{QED-RHF} =  (F_{\\mu\\nu} + H_{\\mu\\nu})D_{\\mu\\nu} + E_{nuc} + d_c\n",
    "\\end{equation}\n",
    "where $d_c =\\frac{1}{2} \\left( \\lambda \\cdot \\mu_{nuc} \\right)^2  - \\left( \\lambda \\cdot \\langle \\mu \\rangle \\right) \\left( \\lambda \\cdot \\mu_{nuc} \\right) + \\frac{1}{2} \\left( \\lambda \\cdot \\langle \\mu \\rangle \\right)^2$\n",
    "\n",
    "This QED-RHF is implemented in the single Jupyter notebook cell below:"
   ],
   "metadata": {}
  },
  {
   "cell_type": "code",
   "execution_count": 3,
   "source": [
    "from __future__ import print_function\r\n",
    "\r\n",
    "\"\"\"\r\n",
    "A reference implementation of cavity quantum electrodynamics \r\n",
    "configuration interactions singles.\r\n",
    "\"\"\"\r\n",
    "\r\n",
    "__authors__   = [\"Jon McTague\", \"Jonathan Foley\"]\r\n",
    "__credits__   = [\"Jon McTague\", \"Jonathan Foley\"]\r\n",
    "\r\n",
    "__copyright_amp__ = \"(c) 2014-2018, The Psi4NumPy Developers\"\r\n",
    "__license__   = \"BSD-3-Clause\"\r\n",
    "__date__      = \"2021-01-15\"\r\n",
    "\r\n",
    "# ==> Import Psi4, NumPy, & SciPy <==\r\n",
    "import psi4\r\n",
    "import numpy as np\r\n",
    "import scipy.linalg as la\r\n",
    "import time\r\n",
    "\r\n",
    "# ==> Set Basic Psi4 Options <==\r\n",
    "\r\n",
    "# Memory specifications\r\n",
    "psi4.set_memory(int(2e9))\r\n",
    "numpy_memory = 2\r\n",
    "\r\n",
    "# Output options\r\n",
    "\r\n",
    "psi4.core.set_output_file('output.dat', False)\r\n",
    "\r\n",
    "# MgH+ -- Base Case\r\n",
    "mol = psi4.geometry(\"\"\"\r\n",
    "Mg\r\n",
    "H 1 1.7\r\n",
    "symmetry c1\r\n",
    "1 1\r\n",
    "\"\"\")\r\n",
    "\r\n",
    "# Choose molecule to model\r\n",
    "def get_molecule(molecule):\r\n",
    "    if molecule == 'water':\r\n",
    "        mol = psi4.geometry(\"\"\"\r\n",
    "            0 1\r\n",
    "            O\r\n",
    "            H 1 1.1\r\n",
    "            H 1 1.1 2 104\r\n",
    "            symmetry c1\r\n",
    "            \"\"\")\r\n",
    "    if molecule == 'MgH+':\r\n",
    "        mol = psi4.geometry(\"\"\"\r\n",
    "            Mg\r\n",
    "            H 1 1.7\r\n",
    "            symmetry c1\r\n",
    "            1 1\r\n",
    "            \"\"\")\r\n",
    "    return mol\r\n",
    "\r\n",
    "#mol = get_molecule('MgH+')\r\n",
    "\r\n",
    "\r\n",
    "psi4.set_options({'basis':        'cc-pVDZ',\r\n",
    "                  'scf_type':     'pk',\r\n",
    "                  'reference':    'rhf',\r\n",
    "                  'mp2_type':     'conv',\r\n",
    "                  'save_jk': True,\r\n",
    "                  'e_convergence': 1e-8,\r\n",
    "                  'd_convergence': 1e-8})\r\n",
    "\r\n",
    "Ex = 1e-1\r\n",
    "Ey = 1e-1\r\n",
    "Ez = 1e-1\r\n",
    "lam = np.array([Ex, Ey, Ez])\r\n",
    "\r\n",
    "# Get the SCF wavefunction & energies\r\n",
    "\r\n",
    "def RHF(lam):\r\n",
    "    # run psi4 to get ordinary scf energy and wavefunction object\r\n",
    "    scf_e, wfn = psi4.energy('scf', return_wfn=True)\r\n",
    "    # ==> Nuclear Repulsion Energy <==\r\n",
    "    E_nuc = mol.nuclear_repulsion_energy()\r\n",
    "    nmo = wfn.nmo()\r\n",
    "\r\n",
    "    # Create instance of MintsHelper class\r\n",
    "    mints = psi4.core.MintsHelper(wfn.basisset())\r\n",
    "\r\n",
    "    # Grab data from wavfunction\r\n",
    "\r\n",
    "    # number of doubly occupied orbitals\r\n",
    "    ndocc   = wfn.nalpha()\r\n",
    "\r\n",
    "    # total number of orbitals\r\n",
    "    nmo     = wfn.nmo()\r\n",
    "\r\n",
    "\r\n",
    "    # grab all transformation vectors and store to a numpy array!\r\n",
    "    C = np.asarray(wfn.Ca())\r\n",
    "\r\n",
    "    # ==> Nuclear Repulsion Energy <==\r\n",
    "    E_nuc = mol.nuclear_repulsion_energy()\r\n",
    "\r\n",
    "    S = np.asarray(mints.ao_overlap())\r\n",
    "\r\n",
    "    # Get nbf and ndocc for closed shell molecules\r\n",
    "    nbf = S.shape[0]\r\n",
    "    ndocc = wfn.nalpha()\r\n",
    "\r\n",
    "    print(\"\\nNumber of occupied orbitals: %d\" % ndocc)\r\n",
    "    print(\"Number of basis functions: %d\" % nbf)\r\n",
    "\r\n",
    "    # Run a quick check to make sure everything will fit into memory\r\n",
    "    I_Size = (nbf ** 4) * 8.0e-9\r\n",
    "    print(\"\\nSize of the ERI tensor will be %4.2f GB.\" % I_Size)\r\n",
    "\r\n",
    "    # Estimate memory usage\r\n",
    "    memory_footprint = I_Size * 1.5\r\n",
    "    if I_Size > numpy_memory:\r\n",
    "        psi4.core.clean()\r\n",
    "        raise Exception(\r\n",
    "            \"Estimated memory utilization (%4.2f GB) exceeds numpy_memory \\\r\n",
    "                        limit of %4.2f GB.\"\r\n",
    "            % (memory_footprint, numpy_memory)\r\n",
    "        )\r\n",
    "\r\n",
    "    # Compute required quantities for SCF\r\n",
    "    V = np.asarray(mints.ao_potential())\r\n",
    "    #print(V)\r\n",
    "    T = np.asarray(mints.ao_kinetic())\r\n",
    "    I = np.asarray(mints.ao_eri())\r\n",
    "\r\n",
    "    # number of doubly occupied orbitals\r\n",
    "    ndocc = wfn.nalpha()\r\n",
    "\r\n",
    "    # Extra terms for Pauli-Fierz Hamiltonian\r\n",
    "    # nuclear dipole\r\n",
    "    mu_nuc_x = mol.nuclear_dipole()[0]\r\n",
    "    mu_nuc_y = mol.nuclear_dipole()[1]\r\n",
    "    mu_nuc_z = mol.nuclear_dipole()[2]\r\n",
    "\r\n",
    "    # dipole arrays in AO basis\r\n",
    "    mu_ao_x = np.asarray(mints.ao_dipole()[0])\r\n",
    "    mu_ao_y = np.asarray(mints.ao_dipole()[1])\r\n",
    "    mu_ao_z = np.asarray(mints.ao_dipole()[2])\r\n",
    "\r\n",
    "\r\n",
    "    # transform dipole array to canonical MO basis from ordinary RHF (no photon)\r\n",
    "    mu_cmo_x = np.dot(C.T, mu_ao_x).dot(C)\r\n",
    "    mu_cmo_y = np.dot(C.T, mu_ao_y).dot(C)\r\n",
    "    mu_cmo_z = np.dot(C.T, mu_ao_z).dot(C)\r\n",
    "\r\n",
    "    # compute components of electronic dipole moment <mu> from ordinary RHF (no photon)\r\n",
    "    mu_exp_x = 0.0\r\n",
    "    mu_exp_y = 0.0\r\n",
    "    mu_exp_z = 0.0\r\n",
    "    for i in range(0, ndocc):\r\n",
    "        # double because this is only alpha terms!\r\n",
    "        mu_exp_x += 2 * mu_cmo_x[i, i]\r\n",
    "        mu_exp_y += 2 * mu_cmo_y[i, i]\r\n",
    "        mu_exp_z += 2 * mu_cmo_z[i, i]\r\n",
    "\r\n",
    "    # need to add the nuclear term to the expectation values above which\r\n",
    "    # only included the electronic term!\r\n",
    "    mu_exp_x += mu_nuc_x\r\n",
    "    mu_exp_y += mu_nuc_y\r\n",
    "    mu_exp_z += mu_nuc_z\r\n",
    "\r\n",
    "    # We need to carry around the electric field dotted into the nuclear dipole moment\r\n",
    "    # and the electric field dotted into the RHF electronic dipole expectation value...\r\n",
    "    # so let's compute them here!\r\n",
    "\r\n",
    "    # \\lambda \\cdot \\mu_{nuc}\r\n",
    "    l_dot_mu_nuc = lam[0] * mu_nuc_x + lam[1] * mu_nuc_y + lam[2] * mu_nuc_z\r\n",
    "    # \\lambda \\cdot < \\mu > where <\\mu> contains electronic and nuclear contributions\r\n",
    "    l_dot_mu_exp = lam[0] * mu_exp_x + lam[1] * mu_exp_y + lam[2] * mu_exp_z\r\n",
    "\r\n",
    "\r\n",
    "    # dipole constants to add to E_RHF\r\n",
    "    #  0.5 * (\\lambda \\cdot \\mu_{nuc})** 2 \r\n",
    "    #      - (\\lambda \\cdot <\\mu> ) ( \\lambda \\cdot \\mu_{nuc})\r\n",
    "    # +0.5 * (\\lambda \\cdot <\\mu>) ** 2\r\n",
    "    d_c = 0.5 * l_dot_mu_nuc **2 - l_dot_mu_nuc * l_dot_mu_exp + 0.5 * l_dot_mu_exp ** 2\r\n",
    "\r\n",
    "    # quadrupole arrays\r\n",
    "    Q_ao_xx = np.asarray(mints.ao_quadrupole()[0])\r\n",
    "    Q_ao_xy = np.asarray(mints.ao_quadrupole()[1])\r\n",
    "    Q_ao_xz = np.asarray(mints.ao_quadrupole()[2])\r\n",
    "    Q_ao_yy = np.asarray(mints.ao_quadrupole()[3])\r\n",
    "    Q_ao_yz = np.asarray(mints.ao_quadrupole()[4])\r\n",
    "    Q_ao_zz = np.asarray(mints.ao_quadrupole()[5])\r\n",
    "\r\n",
    "    # ordinary H_core\r\n",
    "    H_0 = T + V\r\n",
    "\r\n",
    "    # Pauli-Fierz 1-e quadrupole terms ... these terms have a factor of 1/2\r\n",
    "    Q_PF = 0.5 * lam[0] * lam[0] * Q_ao_xx\r\n",
    "    Q_PF += 0.5 * lam[1] * lam[1] * Q_ao_yy\r\n",
    "    Q_PF += 0.5 * lam[2] * lam[2] * Q_ao_zz\r\n",
    "\r\n",
    "    # accounting for the fact that Q_ij = Q_ji\r\n",
    "    # by weighting Q_ij x 2... which cancels factor of 1/2\r\n",
    "    Q_PF += lam[0] * lam[1] * Q_ao_xy\r\n",
    "    Q_PF += lam[0] * lam[2] * Q_ao_xz\r\n",
    "    Q_PF += lam[1] * lam[2] * Q_ao_yz\r\n",
    "\r\n",
    "    # Pauli-Fierz 1-e dipole terms scaled by (\\lambda \\cdot \\mu_{nuc} - \\lambda \\cdot <\\mu>)\r\n",
    "    d_PF =  (l_dot_mu_nuc - l_dot_mu_exp) * lam[0] * mu_ao_x\r\n",
    "    d_PF += (l_dot_mu_nuc - l_dot_mu_exp) * lam[1] * mu_ao_y\r\n",
    "    d_PF += (l_dot_mu_nuc - l_dot_mu_exp) * lam[2] * mu_ao_z\r\n",
    "\r\n",
    "    # Add Pauli-Fierz terms to H_core\r\n",
    "    H = H_0 + Q_PF + d_PF\r\n",
    "\r\n",
    "    # Orthogonalizer A = S^(-1/2) using Psi4's matrix power.\r\n",
    "    A = mints.ao_overlap()\r\n",
    "    A.power(-0.5, 1.0e-16)\r\n",
    "    A = np.asarray(A)\r\n",
    "\r\n",
    "    # Calculate initial core guess: [Szabo:1996] pp. 145\r\n",
    "    Hp = A.dot(H).dot(A)  # Eqn. 3.177\r\n",
    "    e, C2 = np.linalg.eigh(Hp)  # Solving Eqn. 1.178\r\n",
    "    C = A.dot(C2)  # Back transform, Eqn. 3.174\r\n",
    "    Cocc = C[:, :ndocc]\r\n",
    "\r\n",
    "    D = np.einsum(\"pi,qi->pq\", Cocc, Cocc)  # [Szabo:1996] Eqn. 3.145, pp. 139\r\n",
    "\r\n",
    "    #print(\"\\nTotal time taken for setup: %.3f seconds\" % (time.time() - t))\r\n",
    "\r\n",
    "    print(\"\\nStart SCF iterations:\\n\")\r\n",
    "    t = time.time()\r\n",
    "    E = 0.0\r\n",
    "    Enuc = mol.nuclear_repulsion_energy()\r\n",
    "    Eold = 0.0\r\n",
    "    Dold = np.zeros_like(D)\r\n",
    "\r\n",
    "    E_1el = np.einsum(\"pq,pq->\", H + H, D) + Enuc + d_c\r\n",
    "    print(\"One-electron energy = %4.16f\" % E_1el)\r\n",
    "\r\n",
    "    # Set defaults\r\n",
    "    maxiter = 40\r\n",
    "    E_conv = 1.0e-6\r\n",
    "    D_conv = 1.0e-3\r\n",
    "    t = time.time()\r\n",
    "    for SCF_ITER in range(1, maxiter + 1):\r\n",
    "\r\n",
    "        # Build fock matrix: [Szabo:1996] Eqn. 3.154, pp. 141\r\n",
    "        J = np.einsum(\"pqrs,rs->pq\", I, D)\r\n",
    "        K = np.einsum(\"prqs,rs->pq\", I, D)\r\n",
    "\r\n",
    "        # Pauli-Fierz dipole-dipole matrices\r\n",
    "        M_xx = np.einsum(\"pq,rs,rs->pq\", lam[0] * mu_ao_x, lam[0] * mu_ao_x, D)\r\n",
    "        M_yy = np.einsum(\"pq,rs,rs->pq\", lam[1] * mu_ao_y, lam[1] * mu_ao_y, D)\r\n",
    "        M_zz = np.einsum(\"pq,rs,rs->pq\", lam[2] * mu_ao_z, lam[2] * mu_ao_z, D)\r\n",
    "\r\n",
    "        M_xy = np.einsum(\"pq,rs,rs->pq\", lam[0] * mu_ao_x, lam[1] * mu_ao_y, D)\r\n",
    "        M_xz = np.einsum(\"pq,rs,rs->pq\", lam[0] * mu_ao_x, lam[2] * mu_ao_z, D)\r\n",
    "        M_yz = np.einsum(\"pq,rs,rs->pq\", lam[1] * mu_ao_y, lam[2] * mu_ao_z, D)\r\n",
    "\r\n",
    "        # Pauli-Fierz dipole-dipole \"exchange\" terms\r\n",
    "        N_xx = np.einsum(\"pr,qs,rs->pq\", lam[0] * mu_ao_x, lam[0] * mu_ao_x, D)\r\n",
    "        N_yy = np.einsum(\"pr,qs,rs->pq\", lam[1] * mu_ao_y, lam[1] * mu_ao_y, D)\r\n",
    "        N_zz = np.einsum(\"pr,qs,rs->pq\", lam[2] * mu_ao_z, lam[2] * mu_ao_z, D)\r\n",
    "\r\n",
    "        N_xy = np.einsum(\"pr,qs,rs->pq\", lam[0] * mu_ao_x, lam[1] * mu_ao_y, D)\r\n",
    "        N_xz = np.einsum(\"pr,qs,rs->pq\", lam[0] * mu_ao_x, lam[2] * mu_ao_z, D)\r\n",
    "        N_yz = np.einsum(\"pr,qs,rs->pq\", lam[1] * mu_ao_y, lam[2] * mu_ao_z, D)\r\n",
    "\r\n",
    "        # Build fock matrix: [Szabo:1996] Eqn. 3.154, pp. 141 +\r\n",
    "        # Pauli-Fierz terms\r\n",
    "        F = H + J * 2 - K\r\n",
    "        F += M_xx\r\n",
    "        F += M_yy\r\n",
    "        F +=  M_zz\r\n",
    "\r\n",
    "        F += 2 * M_xy\r\n",
    "        F += 2 * M_xz\r\n",
    "        F += 2 * M_yz\r\n",
    "\r\n",
    "        F -= 0.5 * N_xx\r\n",
    "        F -= 0.5 * N_yy\r\n",
    "        F -= 0.5 * N_zz\r\n",
    "\r\n",
    "        F -= N_xy\r\n",
    "        F -= N_xz\r\n",
    "        F -= N_yz\r\n",
    "        \r\n",
    "        \r\n",
    "        diis_e = np.einsum(\"ij,jk,kl->il\", F, D, S) - np.einsum(\"ij,jk,kl->il\", S, D, F)\r\n",
    "        diis_e = A.dot(diis_e).dot(A)\r\n",
    "        dRMS = np.mean(diis_e ** 2) ** 0.5\r\n",
    "\r\n",
    "        # SCF energy and update: [Szabo:1996], Eqn. 3.184, pp. 150\r\n",
    "        SCF_E = np.einsum(\"pq,pq->\", F + H, D) + Enuc + d_c\r\n",
    "\r\n",
    "        #print(\r\n",
    "        #    \"SCF Iteration %3d: Energy = %4.16f   dE = % 1.5E   dRMS = %1.5E\"\r\n",
    "        #    % (SCF_ITER, SCF_E, (SCF_E - Eold), dRMS)\r\n",
    "        #)\r\n",
    "        if (abs(SCF_E - Eold) < E_conv) and (dRMS < D_conv):\r\n",
    "            break\r\n",
    "\r\n",
    "        Eold = SCF_E\r\n",
    "        Dold = D\r\n",
    "\r\n",
    "        # Diagonalize Fock matrix: [Szabo:1996] pp. 145\r\n",
    "        Fp = A.dot(F).dot(A)  # Eqn. 3.177\r\n",
    "        e, C2 = np.linalg.eigh(Fp)  # Solving Eqn. 1.178\r\n",
    "        C = A.dot(C2)  # Back transform, Eqn. 3.174\r\n",
    "        Cocc = C[:, :ndocc]\r\n",
    "        D = np.einsum(\"pi,qi->pq\", Cocc, Cocc)  # [Szabo:1996] Eqn. 3.145, pp. 139\r\n",
    "\r\n",
    "        if SCF_ITER == maxiter:\r\n",
    "            psi4.core.clean()\r\n",
    "            raise Exception(\"Maximum number of SCF cycles exceeded.\")\r\n",
    "\r\n",
    "    print(\"Total time for SCF iterations: %.3f seconds \\n\" % (time.time() - t))\r\n",
    "\r\n",
    "    print(\"QED-RHF   energy: %.8f hartree\" % SCF_E)\r\n",
    "    print(\"Psi4  SCF energy: %.8f hartree\" % scf_e)\r\n",
    "    # return the \"ordinary\" rhf energy as scf_e\r\n",
    "    # and the QED-RHF energy as SCF_E\r\n",
    "    return scf_e, SCF_E, wfn, C, D\r\n",
    "    #psi4.compare_values(scf_e, SCF_E, 6, \"SCF Energy\")\r\n"
   ],
   "outputs": [],
   "metadata": {}
  },
  {
   "cell_type": "code",
   "execution_count": 6,
   "source": [
    "from scipy.interpolate import InterpolatedUnivariateSpline\r\n",
    "from psi4.driver.procrouting.response.scf_response import tdscf_excitations\r\n",
    "\r\n",
    "def HF_Mg():\r\n",
    "    psi4.set_options({\r\n",
    "    'basis':'cc-pVDZ'\r\n",
    "    })\r\n",
    "\r\n",
    "    # set the number of electronic states... this is the ground state + n_states more\r\n",
    "    # we will get 2 excited-states, though we are only interested in the lowest excited state\r\n",
    "    n_states = 2\r\n",
    "\r\n",
    "    # set the number of bond lengths to compute the stretch along\r\n",
    "    n_geoms = 25\r\n",
    "\r\n",
    "    # initialize geometry list\r\n",
    "    geoms = []\r\n",
    "\r\n",
    "    # initialize energy list... note\r\n",
    "    # there will be the ground state energy + n_states excited state energies\r\n",
    "    Es = np.zeros((n_states+1, n_geoms))\r\n",
    "\r\n",
    "    # initialize z-component of transition dipole list\r\n",
    "    mu_z = np.zeros((n_states, n_geoms))\r\n",
    "\r\n",
    "    # generate bond lengths\r\n",
    "    rs = []\r\n",
    "    for i in range(0,n_geoms):\r\n",
    "        rs.append(1.1 + i*0.1)\r\n",
    "\r\n",
    "    # loop over bond lengths\r\n",
    "    ctr = 0\r\n",
    "    for i in rs:\r\n",
    "        # generate the MgH+ molecule using a z-matrix and set the Mg-H+ bond length\r\n",
    "        mol = psi4.geometry(\"\"\"\r\n",
    "        Mg\r\n",
    "        H 1 \"\"\" + str(i) + \"\"\"\r\n",
    "        symmetry c1\r\n",
    "        1 1\r\n",
    "        \"\"\")\r\n",
    "        # save the geometry\r\n",
    "        geoms.append(mol.geometry().to_array())\r\n",
    "        psi4.set_options({\r\n",
    "        'save_jk': True,\r\n",
    "        })  \r\n",
    "    \r\n",
    "        # calculate and save the ground-state energy and wavefunction\r\n",
    "        e, wfn = psi4.energy(\"scf/cc-pVDZ\", return_wfn=True, molecule=mol)\r\n",
    "        \r\n",
    "        # calculate the excited-state energies and save them to a dictionary called 'res'\r\n",
    "        res = tdscf_excitations(wfn, states=n_states, triplets = \"NONE\")\r\n",
    "        \r\n",
    "        # parse the excitation energies from the 'res' dictionary\r\n",
    "        delta_e = [r[\"EXCITATION ENERGY\"] for r in res]\r\n",
    "        \r\n",
    "        # parse the transition dipole moment from the 'res' dictionary\r\n",
    "        mu = [r[\"ELECTRIC DIPOLE TRANSITION MOMENT (LEN)\"] for r in res]\r\n",
    "        Es[0,ctr] = e\r\n",
    "        \r\n",
    "        # store the results to the respective arrays\r\n",
    "        for j in range(0, n_states):\r\n",
    "            Es[j+1,ctr] = e + delta_e[j]\r\n",
    "            mu_z[j,ctr] = mu[j][2]\r\n",
    "        # print if you want to\r\n",
    "        # print(i, Es[:,ctr])\r\n",
    "        \r\n",
    "        # increment the counter!\r\n",
    "        ctr += 1\r\n",
    "    Eg_spline = InterpolatedUnivariateSpline(rs, Es[0,:], k=3)\r\n",
    "    return rs, Eg_spline\r\n",
    "\r\n",
    "\r\n",
    "### Normal HF for MgH+\r\n",
    "HF_bond, HF_spline =  HF_Mg()\r\n",
    "\r\n"
   ],
   "outputs": [],
   "metadata": {}
  },
  {
   "cell_type": "code",
   "execution_count": 31,
   "source": [
    "# ==> Can set up loops here to iterate over bond lengths, \r\n",
    "#     compute rhf and cqed_rhf energies, store to arrays, \r\n",
    "#     and plot energy vs bond-length.\r\n",
    "#     could also try this for different values of lam -> Ex, Ey, Ez\r\n",
    "#mol = psi4.geometry(\"\"\"\r\n",
    "#0 1\r\n",
    "#O\r\n",
    "#H 1 1.1\r\n",
    "#H 1 1.1 2 104\r\n",
    "#symmetry c1\r\n",
    "#\"\"\")\r\n",
    "\r\n",
    "rhf_e, cqed_rhf_e, wfn, CQED_C, CQED_D  = RHF(lam)\r\n",
    "\r\n",
    "print(rhf_e, cqed_rhf_e)\r\n"
   ],
   "outputs": [
    {
     "output_type": "stream",
     "name": "stdout",
     "text": [
      "\n",
      "Number of occupied orbitals: 5\n",
      "Number of basis functions: 13\n",
      "\n",
      "Size of the ERI tensor will be 0.00 GB.\n",
      "\n",
      "Start SCF iterations:\n",
      "\n",
      "One-electron energy = -125.6637103124933077\n",
      "Total time for SCF iterations: 0.042 seconds \n",
      "\n",
      "QED-RHF   energy: -76.07909086 hartree\n",
      "Psi4  SCF energy: -75.95252905 hartree\n",
      "-75.95252904632227 -76.07909085727572\n"
     ]
    }
   ],
   "metadata": {}
  },
  {
   "cell_type": "code",
   "execution_count": 32,
   "source": [
    "# RHF Wavefunction dict from the original RHF wavefunction object 'wfn'\r\n",
    "rhf_wfn_dict = psi4.core.Wavefunction.to_file(wfn)\r\n",
    "print(\"printing the wfn dictionary\")\r\n",
    "#print(rhf_wfn_dict['matrix']['Da'])\r\n",
    "\r\n",
    "# Uncomment if you want to compare the original RHF orbitals to the \r\n",
    "# CQED-RHF orbitals that are stored in the numpy array 'C'?\r\n",
    "#print(np.isclose(rhf_wfn_dict['matrix']['Ca'], C))\r\n",
    "#print(np.isclose(rhf_wfn_dict['matrix']['Cb'], C))\r\n",
    "\r\n",
    "\r\n",
    "# Get orbital perturbation from CQED\r\n",
    "rhf_wfn_dict['matrix']['Ca'] -= CQED_C\r\n",
    "rhf_wfn_dict['matrix']['Cb'] -= CQED_C\r\n",
    "\r\n",
    "# Get density perturbation from CQED\r\n",
    "rhf_wfn_dict['matrix']['Da'] = CQED_D\r\n",
    "rhf_wfn_dict['matrix']['Db'] = CQED_D\r\n",
    "\r\n",
    "\r\n",
    "print(\"density\")\r\n",
    "print(rhf_wfn_dict['matrix']['Da'])\r\n",
    "# Now create a new wavefunction object that has the CQED-RHF orbitals 'cqedrhf_wfn'\r\n",
    "cqedrhf_wfn = psi4.core.Wavefunction.from_file(rhf_wfn_dict) \r\n",
    "\r\n",
    "# Confirm you have copied the CQED-RHF orbitals properly \r\n",
    "# by again getting a dic of the wavefunction and comparing\r\n",
    "# the orbitals to the original numpy array 'C' that resulted\r\n",
    "# from the CQED-RHF iterations\r\n",
    "cqedrhf_wfn_dict = psi4.core.Wavefunction.to_file(cqedrhf_wfn)\r\n",
    "print(cqedrhf_wfn_dict['matrix']['Ca'])\r\n",
    "print(cqedrhf_wfn_dict['matrix']['Cb'])\r\n",
    "#assert np.allclose(cqedrhf_wfn_dict['matrix']['Ca'], C, 1e-6)\r\n",
    "#assert np.allclose(cqedrhf_wfn_dict['matrix']['Cb'], C, 1e-6)\r\n"
   ],
   "outputs": [
    {
     "output_type": "stream",
     "name": "stdout",
     "text": [
      "printing the wfn dictionary\n",
      "density\n",
      "[[ 1.50188413e+00 -3.58821103e+00  6.28934204e+00 -7.10462288e+00\n",
      "  -7.34355574e+00 -7.03642222e+00 -1.99884468e+00 -2.31030602e+01\n",
      "  -1.15583538e+01 -6.82657931e+00  1.29234797e-01  3.38829385e+00\n",
      "   1.02835669e+01]\n",
      " [-3.58821103e+00  1.28165222e+01 -2.62288996e+01 -4.84561275e+00\n",
      "  -7.40909963e+00  1.82182324e+01 -5.57305455e+00  3.84832095e+01\n",
      "   7.24943537e+00  1.68457118e+01  1.38675684e+00 -2.42114419e+01\n",
      "  -3.08155028e+01]\n",
      " [ 6.28934204e+00 -2.62288996e+01  5.95298044e+00  3.06810968e+01\n",
      "   3.46526193e+01 -1.17496657e+01 -4.47245966e-01 -1.15435344e+01\n",
      "  -9.26654309e+00 -1.81034797e+01  2.03557015e+01  4.24144946e+01\n",
      "   1.33871246e+01]\n",
      " [-7.10462288e+00 -4.84561275e+00  3.06810968e+01  6.76516991e+01\n",
      "   1.08299139e+02  9.47213975e+01 -1.25525870e+01  1.02034546e+02\n",
      "   8.19393486e+01 -2.02077297e+01  4.68831752e+01  2.41347393e+01\n",
      "  -1.85499614e+02]\n",
      " [-7.34355574e+00 -7.40909963e+00  3.46526193e+01  1.08299139e+02\n",
      "   6.38548064e+01  1.14548748e+02 -1.53536885e+01  9.23804291e+01\n",
      "   7.33271095e+01 -2.55801268e+00  1.34002047e+00  2.49094274e+01\n",
      "  -1.87520132e+02]\n",
      " [-7.03642222e+00  1.82182324e+01 -1.17496657e+01  9.47213975e+01\n",
      "   1.14548748e+02 -2.60070614e+01  1.75618184e+01  9.73663404e+01\n",
      "   9.60824290e+01  7.09355162e+00 -1.22880731e+01  7.57736685e+01\n",
      "   8.41338059e+01]\n",
      " [-1.99884468e+00 -5.57305455e+00 -4.47245966e-01 -1.25525870e+01\n",
      "  -1.53536885e+01  1.75618184e+01 -5.60714080e+00 -3.07397599e+01\n",
      "  -3.89060990e+01 -8.09140395e+00  1.94021671e+01  2.22072060e+00\n",
      "  -1.83177779e+01]\n",
      " [-2.31030602e+01  3.84832095e+01 -1.15435344e+01  1.02034546e+02\n",
      "   9.23804291e+01  9.73663404e+01 -3.07397599e+01  9.87147920e+01\n",
      "   6.93302076e+01 -2.66499340e+01  1.24952334e+01  6.15841114e+01\n",
      "  -8.38256142e+01]\n",
      " [-1.15583538e+01  7.24943537e+00 -9.26654309e+00  8.19393486e+01\n",
      "   7.33271095e+01  9.60824290e+01 -3.89060990e+01  6.93302076e+01\n",
      "   7.39338623e+01  8.24041467e+00  5.85800262e+00  3.00900608e+01\n",
      "  -1.34597169e+02]\n",
      " [-6.82657931e+00  1.68457118e+01 -1.81034797e+01 -2.02077297e+01\n",
      "  -2.55801268e+00  7.09355162e+00 -8.09140395e+00 -2.66499340e+01\n",
      "   8.24041467e+00  3.47475553e+01 -8.56895469e+00 -5.65525710e+00\n",
      "   2.12375643e+01]\n",
      " [ 1.29234797e-01  1.38675684e+00  2.03557015e+01  4.68831752e+01\n",
      "   1.34002047e+00 -1.22880731e+01  1.94021671e+01  1.24952334e+01\n",
      "   5.85800262e+00 -8.56895469e+00 -2.64759831e+01  2.97592705e+01\n",
      "   4.84608782e+01]\n",
      " [ 3.38829385e+00 -2.42114419e+01  4.24144946e+01  2.41347393e+01\n",
      "   2.49094274e+01  7.57736685e+01  2.22072060e+00  6.15841114e+01\n",
      "   3.00900608e+01 -5.65525710e+00  2.97592705e+01 -2.74745850e+01\n",
      "  -1.92077289e+02]\n",
      " [ 1.02835669e+01 -3.08155028e+01  1.33871246e+01 -1.85499614e+02\n",
      "  -1.87520132e+02  8.41338059e+01 -1.83177779e+01 -8.38256142e+01\n",
      "  -1.34597169e+02  2.12375643e+01  4.84608782e+01 -1.92077289e+02\n",
      "  -2.71350329e+02]]\n",
      "[[-1.84304022e-05  4.32209541e-01  5.21100962e-03 -5.06043879e-05\n",
      "  -9.12356693e-03  2.98803354e-03 -2.07354003e-02 -1.62572793e-02\n",
      "   9.21800493e-04 -5.80895877e-03  1.13533522e-06 -2.36504535e-03\n",
      "   1.85680276e-04]\n",
      " [ 1.08424200e-04 -9.56123168e-01 -8.35202421e-03 -4.17879482e-03\n",
      "   2.38502805e-02 -1.67320964e-02  3.46407715e-02  1.12167073e-01\n",
      "  -6.05677841e-03  5.46432419e-02  3.53090745e-03  1.42960257e-02\n",
      "  -3.84909951e-03]\n",
      " [ 5.35034163e-05  2.25165693e-03  1.64403916e-02 -6.81004127e-02\n",
      "   1.28961298e+00 -1.62092788e-03 -3.27899726e-03 -3.43840866e-02\n",
      "   4.81705599e-03  5.52261864e-03  9.73657256e-02 -2.10744084e-02\n",
      "   1.27295382e-03]\n",
      " [ 3.06585976e-06  3.62576837e-03  9.62032302e-01  3.85549287e-02\n",
      "  -1.28941917e-02  9.37531271e-02  1.56583945e-02  5.03124272e-01\n",
      "  -5.65053110e-02 -3.90696330e-02 -5.35188146e-02  1.98685744e+00\n",
      "   4.26942804e-03]\n",
      " [-7.16668529e-06 -1.53595416e-01  1.85549136e-02  9.46452840e-03\n",
      "  -6.10888603e-02 -8.44796328e-03  6.98090649e-02  1.04250934e-01\n",
      "  -4.69078761e-03 -9.05047410e-02  6.47917668e-03 -4.20185025e-02\n",
      "   7.18976312e-04]\n",
      " [-3.84600956e-05 -1.02830273e+00 -3.83055507e-02  1.70082699e-02\n",
      "   3.50585066e-02 -1.08822005e-02  2.33634460e-01 -1.41995988e-01\n",
      "   2.19453121e-02 -4.03509037e-02 -8.19883899e-03  8.26846870e-03\n",
      "   1.00483972e-02]\n",
      " [-1.91578504e-05  1.95939950e-03  2.10872521e-02 -6.08763646e-02\n",
      "   1.00490584e+00 -7.20591496e-04  2.16998930e-03  3.37546619e-02\n",
      "  -4.22061383e-03 -6.92875136e-03 -1.09501355e-01  2.54401574e-02\n",
      "  -2.04003225e-03]\n",
      " [ 1.93271240e-05  1.22120535e-02  5.92684564e-01  2.63930478e-02\n",
      "  -2.79925641e-03  2.28057791e-01  1.65060623e-02  3.11886854e-01\n",
      "  -5.29091305e-02  3.80790473e-02  6.48131746e-02 -3.06937653e+00\n",
      "  -4.78608372e-03]\n",
      " [ 8.15587416e-06 -1.17814078e-01  1.38402880e-02  1.06273127e-02\n",
      "  -4.02394126e-02  1.42197361e-03  1.19206668e-01 -7.99382986e-03\n",
      "  -1.93083635e-03  1.05826588e-01 -1.22158353e-02  6.55163307e-02\n",
      "  -1.17428160e-03]\n",
      " [ 6.58799058e-06 -2.09228326e-01 -4.58608022e-01 -1.13405292e-02\n",
      "  -8.22972420e-03  3.22624279e-02 -6.02024468e-03  1.60287098e+00\n",
      "  -2.23298808e-01 -5.30094662e-02 -1.09097000e-02 -3.45720362e-01\n",
      "   1.37609620e-04]\n",
      " [ 9.85166610e-06 -6.11242476e-04 -3.19798389e-01 -6.36622015e-03\n",
      "  -1.23336323e-02  3.19740500e-01 -2.02266395e-01 -1.45595664e+00\n",
      "   1.92061145e-01  5.24942804e-02  4.66289043e-02 -1.11230425e+00\n",
      "  -6.35186151e-04]\n",
      " [-5.82721369e-06 -2.18014337e-01  4.82517632e-01  1.39697943e-02\n",
      "  -2.69314459e-02  9.54650503e-03 -5.14854452e-02 -2.08381121e+00\n",
      "   2.95798541e-01  3.03557182e-03  1.42916691e-02  3.31088617e-01\n",
      "   1.42760945e-02]\n",
      " [-3.86421998e-05 -2.09924271e-02  3.69892115e-01 -2.50821632e-02\n",
      "  -2.26986329e-02 -2.83056341e-01 -2.49219461e-01  1.82771214e+00\n",
      "  -2.68499447e-01 -4.54804210e-02 -3.81923406e-02  1.07519211e+00\n",
      "  -1.95948677e-02]]\n",
      "[[-1.84304022e-05  4.32209541e-01  5.21100962e-03 -5.06043879e-05\n",
      "  -9.12356693e-03  2.98803354e-03 -2.07354003e-02 -1.62572793e-02\n",
      "   9.21800493e-04 -5.80895877e-03  1.13533522e-06 -2.36504535e-03\n",
      "   1.85680276e-04]\n",
      " [ 1.08424200e-04 -9.56123168e-01 -8.35202421e-03 -4.17879482e-03\n",
      "   2.38502805e-02 -1.67320964e-02  3.46407715e-02  1.12167073e-01\n",
      "  -6.05677841e-03  5.46432419e-02  3.53090745e-03  1.42960257e-02\n",
      "  -3.84909951e-03]\n",
      " [ 5.35034163e-05  2.25165693e-03  1.64403916e-02 -6.81004127e-02\n",
      "   1.28961298e+00 -1.62092788e-03 -3.27899726e-03 -3.43840866e-02\n",
      "   4.81705599e-03  5.52261864e-03  9.73657256e-02 -2.10744084e-02\n",
      "   1.27295382e-03]\n",
      " [ 3.06585976e-06  3.62576837e-03  9.62032302e-01  3.85549287e-02\n",
      "  -1.28941917e-02  9.37531271e-02  1.56583945e-02  5.03124272e-01\n",
      "  -5.65053110e-02 -3.90696330e-02 -5.35188146e-02  1.98685744e+00\n",
      "   4.26942804e-03]\n",
      " [-7.16668529e-06 -1.53595416e-01  1.85549136e-02  9.46452840e-03\n",
      "  -6.10888603e-02 -8.44796328e-03  6.98090649e-02  1.04250934e-01\n",
      "  -4.69078761e-03 -9.05047410e-02  6.47917668e-03 -4.20185025e-02\n",
      "   7.18976312e-04]\n",
      " [-3.84600956e-05 -1.02830273e+00 -3.83055507e-02  1.70082699e-02\n",
      "   3.50585066e-02 -1.08822005e-02  2.33634460e-01 -1.41995988e-01\n",
      "   2.19453121e-02 -4.03509037e-02 -8.19883899e-03  8.26846870e-03\n",
      "   1.00483972e-02]\n",
      " [-1.91578504e-05  1.95939950e-03  2.10872521e-02 -6.08763646e-02\n",
      "   1.00490584e+00 -7.20591496e-04  2.16998930e-03  3.37546619e-02\n",
      "  -4.22061383e-03 -6.92875136e-03 -1.09501355e-01  2.54401574e-02\n",
      "  -2.04003225e-03]\n",
      " [ 1.93271240e-05  1.22120535e-02  5.92684564e-01  2.63930478e-02\n",
      "  -2.79925641e-03  2.28057791e-01  1.65060623e-02  3.11886854e-01\n",
      "  -5.29091305e-02  3.80790473e-02  6.48131746e-02 -3.06937653e+00\n",
      "  -4.78608372e-03]\n",
      " [ 8.15587416e-06 -1.17814078e-01  1.38402880e-02  1.06273127e-02\n",
      "  -4.02394126e-02  1.42197361e-03  1.19206668e-01 -7.99382986e-03\n",
      "  -1.93083635e-03  1.05826588e-01 -1.22158353e-02  6.55163307e-02\n",
      "  -1.17428160e-03]\n",
      " [ 6.58799058e-06 -2.09228326e-01 -4.58608022e-01 -1.13405292e-02\n",
      "  -8.22972420e-03  3.22624279e-02 -6.02024468e-03  1.60287098e+00\n",
      "  -2.23298808e-01 -5.30094662e-02 -1.09097000e-02 -3.45720362e-01\n",
      "   1.37609620e-04]\n",
      " [ 9.85166610e-06 -6.11242476e-04 -3.19798389e-01 -6.36622015e-03\n",
      "  -1.23336323e-02  3.19740500e-01 -2.02266395e-01 -1.45595664e+00\n",
      "   1.92061145e-01  5.24942804e-02  4.66289043e-02 -1.11230425e+00\n",
      "  -6.35186151e-04]\n",
      " [-5.82721369e-06 -2.18014337e-01  4.82517632e-01  1.39697943e-02\n",
      "  -2.69314459e-02  9.54650503e-03 -5.14854452e-02 -2.08381121e+00\n",
      "   2.95798541e-01  3.03557182e-03  1.42916691e-02  3.31088617e-01\n",
      "   1.42760945e-02]\n",
      " [-3.86421998e-05 -2.09924271e-02  3.69892115e-01 -2.50821632e-02\n",
      "  -2.26986329e-02 -2.83056341e-01 -2.49219461e-01  1.82771214e+00\n",
      "  -2.68499447e-01 -4.54804210e-02 -3.81923406e-02  1.07519211e+00\n",
      "  -1.95948677e-02]]\n"
     ]
    }
   ],
   "metadata": {}
  },
  {
   "cell_type": "code",
   "execution_count": 33,
   "source": [
    "psi4.set_options({\n",
    "    'CUBEPROP_TASKS': ['ORBITALS', 'DENSITY'],\n",
    "    'CUBEPROP_ORBITALS': [1,2,3,4,5,6,7,8,9,10],\n",
    "})\n",
    "psi4.cubeprop(cqedrhf_wfn)"
   ],
   "outputs": [],
   "metadata": {}
  },
  {
   "cell_type": "code",
   "execution_count": 34,
   "source": [
    "import fortecubeview\n",
    "fortecubeview.plot()"
   ],
   "outputs": [
    {
     "output_type": "stream",
     "name": "stdout",
     "text": [
      "CubeViewer: listing cube files from the directory .\n",
      "Reading 14 cube files\n"
     ]
    },
    {
     "output_type": "stream",
     "name": "stderr",
     "text": [
      "/opt/conda/lib/python3.8/site-packages/fortecubeview/cube_file.py:213: RuntimeWarning: invalid value encountered in double_scalars\n",
      "  if partial_sum / sum < fraction:\n",
      "/opt/conda/lib/python3.8/site-packages/fortecubeview/py3js_renderer.py:1096: FutureWarning: marching_cubes_lewiner is deprecated in favor of marching_cubes. marching_cubes_lewiner will be removed in version 0.19\n",
      "  values = skimage.measure.marching_cubes_lewiner(data, level * 0.995)\n"
     ]
    },
    {
     "output_type": "display_data",
     "data": {
      "text/plain": [
       "VBox(children=(HTML(value=''), Renderer(camera=OrthographicCamera(bottom=-5.0, children=(DirectionalLight(colo…"
      ],
      "application/vnd.jupyter.widget-view+json": {
       "model_id": "02e4db19ff564c7d92442e8b7a69854a",
       "version_major": 2,
       "version_minor": 0
      }
     },
     "metadata": {}
    },
    {
     "output_type": "display_data",
     "data": {
      "text/plain": [
       "HTML(value='\\n        <style>\\n           .jupyter-widgets-output-area .output_scroll {\\n                heigh…"
      ],
      "application/vnd.jupyter.widget-view+json": {
       "model_id": "d25855db2b1245bd98180b0d5f77ecd6",
       "version_major": 2,
       "version_minor": 0
      }
     },
     "metadata": {}
    },
    {
     "output_type": "display_data",
     "data": {
      "text/plain": [
       "interactive(children=(Select(description='Cube files:', options=('Density (alpha)', 'Density (beta)', 'Density…"
      ],
      "application/vnd.jupyter.widget-view+json": {
       "model_id": "038736cf9ed64ac098022c5fe19be93f",
       "version_major": 2,
       "version_minor": 0
      }
     },
     "metadata": {}
    },
    {
     "output_type": "execute_result",
     "data": {
      "text/plain": [
       "<fortecubeview.cube_viewer.CubeViewer at 0x7efd3b5e5d60>"
      ]
     },
     "metadata": {},
     "execution_count": 34
    }
   ],
   "metadata": {}
  },
  {
   "cell_type": "code",
   "execution_count": null,
   "source": [],
   "outputs": [],
   "metadata": {}
  }
 ],
 "metadata": {
  "kernelspec": {
   "display_name": "Python 3",
   "language": "python",
   "name": "python3"
  },
  "language_info": {
   "codemirror_mode": {
    "name": "ipython",
    "version": 3
   },
   "file_extension": ".py",
   "mimetype": "text/x-python",
   "name": "python",
   "nbconvert_exporter": "python",
   "pygments_lexer": "ipython3",
   "version": "3.8.6"
  }
 },
 "nbformat": 4,
 "nbformat_minor": 4
}